FileName\Heur: 4,0.0,0.01,0.02,0.05,0.1,0.2,0.3
a280.tsp,2815.0,2775.75,2787.05,2765.4,2792.05,2846.05,2831.15
ali535.tsp,226728.0,229508.3,231072.6,230770.1,230038.45,229478.63157894736,228676.75
att48.tsp,11369.0,11367.55,11363.8,11356.65,11381.4,11494.1,11595.05
att532.tsp,30897.0,30906.25,30913.15,30825.4,30913.4,31016.15,30972.8
berlin52.tsp,9072.0,9073.0,9073.7,9073.7,9075.0,8984.7,8856.35
bier127.tsp,129429.0,128670.9,128915.2,130057.3,131165.35,132450.85,132430.95
burma14.tsp,3566.0,3566.05,3565.85,3566.5,3567.4,3565.5,3564.15
ch130.tsp,6506.0,6564.6,6581.05,6663.15,6684.35,6711.6,6732.421052631579
ch150.tsp,7409.0,7389.6,7385.8,7384.05,7396.2,7419.35,7369.55
d198.tsp,17195.0,17263.7,17249.1,17206.2,17162.4,17162.55,17117.5
d493.tsp,0.0,38534.22222222222,38616.6,38378.57894736842,38583.7,38680.8,38547.65
d657.tsp,55086.0,54891.35,54817.9,54843.45,54825.65,54656.9,54879.35
dsj1000.tsp,21193997.0,21224047.85,21197229.55,21223141.95,21273645.6,21279006.05,21170698.0
eil101.tsp,693.0,707.8,704.35,699.9,707.25,704.4,705.35
eil51.tsp,437.0,437.0,438.75,439.45,438.35,439.5,446.5
eil76.tsp,586.0,586.05,585.8,588.25,587.9,589.1,592.15
fl417.tsp,13411.0,13788.25,13869.0,13764.0,14055.631578947368,14054.8,14008.7
gil262.tsp,2651.0,2704.6,2688.75,2685.3,2682.25,2685.25,2685.25
gr137.tsp,78710.0,78682.3,78898.25,79182.35,78878.5,78200.5,78494.8
gr202.tsp,45441.0,45344.0,45372.5,45324.7,45421.6,45056.9,44804.5
gr229.tsp,142719.0,142482.9,142584.05,143487.15,143725.05,144983.6,145520.3
gr431.tsp,185623.0,186364.2,187209.7,187243.85,187585.65,187157.4,187930.2
gr666.tsp,332140.0,330820.15,329643.25,329820.1,328838.05,328598.75,328803.05
gr96.tsp,64161.0,63739.7,62911.5,61678.1,61138.05,61688.5,61084.9
kroA100.tsp,24191.0,24409.2,24301.6,24167.25,24248.25,24382.2,24238.75
kroA150.tsp,29390.0,30018.1,30089.75,30197.05,29919.3,29776.8,29740.85
kroA200.tsp,33573.0,33522.0,33508.75,33449.9,33521.25,33388.15,33211.6
kroB100.tsp,24325.0,24323.0,24324.1,24339.1,24400.65,24414.75,24414.8
kroB150.tsp,29094.0,29090.95,29089.55,29081.6,29076.65,28806.15,28979.1
kroB200.tsp,32906.0,32887.1,32980.4,32928.45,32775.85,33474.4,33542.9
kroC100.tsp,24005.0,24001.5,24001.1,23995.8,23948.25,23952.45,23460.2
kroD100.tsp,23377.0,23379.3,23381.15,23372.95,24404.75,24307.55,24000.45
kroE100.tsp,24919.0,24949.45,24923.05,24877.85,24823.6,24911.95,24845.45
lin105.tsp,17170.0,17120.1,17567.85,17542.3,17805.4,17469.25,17341.9
lin318.tsp,50640.0,50283.4,49971.95,49797.05,49480.9,49250.95,49473.7
linhp318.tsp,50640.0,50019.75,50197.35,49924.55,49603.6,48812.4,49198.3
p654.tsp,42214.0,41624.6,41677.45,41958.84210526316,41144.7,40980.75,41351.9
pcb442.tsp,55956.0,56169.8,56698.2,56567.3,56378.25,56136.5,55785.2
pr107.tsp,47041.0,47180.2,47280.0,47373.2,48191.9,47529.05,48959.0
pr124.tsp,65437.0,64466.55,64424.1,65178.55,64866.65,65368.05,65657.8
pr136.tsp,100551.0,105511.15,107257.05,109854.35,108643.6,109791.0,111098.95
pr144.tsp,72738.0,73213.45,73551.75,73611.65,73298.65,73059.15,74138.6
pr152.tsp,87878.0,88217.6,87478.7,88003.15,86758.9,87276.3,86398.6
pr226.tsp,94545.0,94329.7,95918.2,96546.25,95627.1,94679.3,95902.45
pr264.tsp,56184.0,56888.15,56817.65,56744.5,57747.8,57330.2,57585.55
pr299.tsp,51548.0,52359.9,52984.2,53245.7,53093.2,53018.95,53088.55
pr439.tsp,123346.0,124219.7,124239.65,124372.45,124875.2,123988.9,123410.95
pr76.tsp,122996.0,121028.8,120557.45,119987.2,120468.7,118780.95,119196.35
rat195.tsp,2690.0,2664.35,2657.0,2668.5,2675.1,2695.5,2696.6
rat575.tsp,7691.0,7640.4,7649.4,7662.45,7663.25,7705.35,7680.8
rat783.tsp,10024.0,9968.4,9965.15,9984.7,10002.85,10036.8,9980.0
rat99.tsp,1398.0,1368.85,1365.1,1365.8,1365.6,1372.25,1363.75
rd100.tsp,8757.0,8740.55,8711.3,8712.9,8837.55,8724.5,9034.35
rd400.tsp,17040.0,16960.45,17093.4,17065.9,16971.45,17089.65,17079.3
st70.tsp,735.0,738.3,741.35,735.65,741.6,732.6,736.15
ts225.tsp,131428.0,131756.1,132154.75,131947.05,132543.85,131954.0,132307.65
tsp225.tsp,4193.0,4296.7,4281.75,4276.35,4270.05,4280.1,4335.3
u159.tsp,49005.0,49392.6,49344.0,49586.6,49397.45,49122.9,49056.05
u574.tsp,41167.0,40764.1,40927.05,41205.1,41223.25,41256.9,41402.5
u724.tsp,46923.0,47161.3,47151.0,47346.2,47458.05,47391.75,47521.9
ulysses16.tsp,6940.0,6939.6,6939.2,6939.55,6939.15,6937.45,6931.9
ulysses22.tsp,7451.0,7451.5,7451.5,7454.15,7435.9,7376.1,7379.75
